20 0.17113315944936125 0.25267180658605237 0.09330341731326351 0.07658701615182728 0.16434363758641082 0.011287924069839167 0.3023602367868462 0.15338225030673955 0.18998813225901612 0.19510343910311712
8074 0.2640157534715775 0.11781941329082016 0.19200732327913556 0.21239567368533557 0.20579488874937224 0.17602260164942418 0.1760649667545143 0.09164570027162819 0.16698629574440074 0.22584375137111395
11617 0.22095308508826417 0.19711632275352897 0.07964537419358961 0.28045845564917826 0.2871038352177994 0.1062737975748126 0.13568477235376264 0.19000726552746858 0.26763373586840683 0.005177467582788185
11757 0.1351998609738975 0.06024604828400443 0.05683748054311643 0.1057826856193877 0.26053821432379204 0.24037538046543122 0.0145120039546221 0.11000917835266903 0.028997080172732597 0.14507270887418455
15451 0.21517285137227452 0.15977702650526565 0.234526003808206 0.027379467892501338 0.17127815174882316 0.3001408159937758 0.19095903264478756 0.04230551589760604 0.19793995931856864 0.1246284792562493
11771 0.2966879652794722 0.2881298211388139 0.006934401428463812 0.3133477314938574 0.07022499529399559 0.0566960207419956 0.019966703285483892 0.2521958185898975 0.16561421947371444 0.1118927522772167
154 0.28938269820788015 0.21685327567304588 0.29534020658660515 0.30722458834126154 0.18652473115432422 0.15202955729846254 0.07515553986023914 0.04925147296394656 0.1217894610126771 0.033666920611320074
170 0.16736358479919633 0.30243767860180654 0.23826024173886606 0.2081499583991974 0.09992618433854475 0.13795624068865048 0.013183421565504099 0.18729210723107897 0.18157039138277353 0.1770867689232943
199 0.24714489992787683 0.12110099589391314 0.044896348554537356 0.028925711872948522 0.22048076835246702 0.04570809138093911 0.038276245582875165 0.22836246698056856 0.1626576910773228 0.061998846958416357
225 0.1878827245972348 0.04162856865195021 0.12050757436862032 0.053666398980226175 0.24872437700830802 0.18652027229934415 0.0684049532420419 0.24714902343095946 0.14229539632853527 0.30787816341712815
341 0.11498734951526268 0.18251569584335925 0.2157546181482941 0.2555156085504875 0.2202819171826053 0.16611989384130538 0.2674157420823374 0.20289245333531897 0.061521769297228544 0.14920614592117834
430 0.03373505227534087 0.05347527089894697 0.2708630526585254 0.03959252849546032 0.005087730123916105 0.033144801365582316 0.218731519271662 0.08707939576128249 0.04679293817602791 0.23921500572261392
527 0.08373373414462064 0.18380342084399334 0.1033222639388531 0.1379830456706557 0.1448199540504356 0.11965298079104346 0.18681436814121696 0.18409082083373446 0.0997471786861184 0.16168308849165997
552 0.1245192918662652 0.07059164589155648 0.19232487153615474 0.20158071519684984 0.28753185040622037 0.1926783013613497 0.2824735496212177 0.031154612746772743 0.1578530060805203 0.13576724602055013
813 0.29933011207684834 0.2617486859608118 0.18579814051336457 0.010045893920937375 0.0655989273894606 0.0968115758395964 0.057993542443071956 0.25865991661084653 0.28287240390830204 0.24873134271049843
1119 0.2578637157717292 0.10046978501355368 0.10543400638979378 0.18881200085792116 0.022917229151485207 0.28653794785717873 0.27122846713693605 0.20473746060103645 0.15509642637645585 0.23822300396172982
1121 0.06807786501494993 0.2922802606691562 0.20963189068485646 0.180171661594809 0.038869376525922116 0.0173174737716368 0.146379910461513 0.283536136364094 0.2049038067174968 0.19204097186807056
1122 0.04532271120364258 0.14070528730918852 0.19804662568331025 0.10635014292268864 0.14835280073248697 0.06154757691911189 0.21372797057131573 0.26731787329888096 0.221302704159208 0.07258509213735295
1132 0.2763102242893837 0.2557777084834728 0.1560841574313333 0.10397543210761591 0.047538987988755596 0.008301144351660732 0.25168555117387803 0.043926994498728535 0.17693652184633482 0.14238992790273994
1292 0.07675569295045913 0.21198934746326956 0.06261102594062165 0.24819907057701404 0.02936430945383257 0.07480814745942091 0.0694257984747255 0.14799708802255307 0.1538129195230025 0.24758437355030768
1313 0.138766537986548 0.12503509544103558 0.1401754868761957 0.15563344857400419 0.010794466662080273 0.11950300624790043 0.012596055740232396 0.08126660549366314 0.14201040467652748 0.0460493849761029
1526 0.2717263647473223 0.07387119284443269 0.11072343915933547 0.18828826424732514 0.15366884556871052 0.2610101849979212 0.2178252640986932 0.3124342486774831 0.015047336157556688 0.2752503681762826
1535 0.060487084806370425 0.002341552863504818 0.28046297197696446 0.02617959375052187 0.12221233676107311 0.06590065722565512 0.22856882029608666 0.10897097580087375 0.20892364329037258 0.19238048663800703
1564 0.19709239199971118 0.11447564897657721 0.3104583807860654 0.1945359416372309 0.04312634166998568 0.0022230434140591963 0.22381561110801587 0.17772221738156696 0.01644900623669003 0.15347060060273252
1689 0.09985194552904843 0.2866274549154665 0.017366338125717945 0.0602834782795656 0.039079223165941736 0.19019120849170246 0.20907657276561653 0.16629508669478585 0.18032563778027505 0.22348078076662797
1764 0.09604189372777217 0.27176035336914006 0.17144491612694715 0.2426375862490193 0.09767978756489754 0.05554055085334683 0.17736629313189925 0.2746179190635073 0.15267135215807243 0.14916530401912875
1943 0.1879485356207715 0.016951304286277096 0.14180223536643516 0.05611897754570325 0.14729688516345377 0.12505712208684433 0.018723050063872492 0.16121175377920638 0.011973085132989583 0.12687972948152548
2201 0.11123127439908673 0.10765257695121519 0.16379991401656116 0.2453664705903962 0.24616818851146052 0.09668872075873065 0.01714498307079685 0.266214569131318 0.30813593630935415 0.17855131830883905
2404 0.2972814217277168 0.2626325017457648 0.0022809700924474557 0.289459686476151 0.2716740348157009 0.12229487000497785 0.06828634692223266 0.047645781566609105 0.26561163894361706 0.001738343736105348
2847 0.2342011876607952 0.11054047789668636 0.2891076482074352 0.027678807319948387 0.04347055216065424 0.05680302304487495 0.10315555615657802 0.09315137870067883 0.15950800371197857 0.11461502501777875
3588 0.0394543198231222 0.013055678927163167 0.04280142016231849 0.1920843576977859 0.07283473512688604 0.13009600704757904 0.2286807403090822 0.03583768979035155 0.060992311922577376 0.24753333405984407
4026 0.17320271183734962 0.2741301077957854 0.08290772333578755 0.2588131681797265 0.18992109465469212 0.1435920640440132 0.2624553808753386 0.23437419891175823 0.3138248046613261 0.28769034875488225
5114 0.286515667418193 0.183949555293506 0.2312205527557643 0.20057338512804768 0.004392580766782881 0.17758138288780626 0.12621499230006025 0.041199760237359315 0.058410618093935926 0.027995025405349355
5231 0.16032304718848814 0.03144300164777317 0.24568125051037085 0.13107917538541405 0.14102753184177436 0.14236449128349335 0.07203187248977713 0.14264522010765962 0.1647967762587149 0.26801564194823835
6178 0.08551448748430668 0.1738927030991512 0.3094525964717304 0.22588915081189764 0.01821899354875529 0.05648409703568093 0.06878651349402039 0.20052837078574892 0.22877311985984758 0.26365121326701924
